|no 55|labels 108 72 34 |features 134 70 22 135 71 23 133 69 21 131 67 19 133 69 21 139 75 27 144 80 32 134 70 22 134 70 22 133 69 21 132 68 20 135 71 23 141 77 29 146 82 34 133 69 21 133 69 21 133 69 21 134 70 22 135 71 23 137 73 25 138 74 26 131 67 19 130 66 18 130 66 18 131 67 19 132 68 20 134 70 22 135 71 23 129 65 17 128 64 16 128 64 16 128 64 16 129 65 17 131 67 19 132 68 20 129 65 17 128 64 16 127 63 15 128 64 16 129 65 17 130 66 18 131 67 19 132 68 20 131 67 19 130 66 18 129 65 17 130 66 18 131 67 19 132 68 20 
|no 56|labels 105 72 27 |features 130 66 18 131 67 19 133 69 21 134 70 22 134 70 22 134 70 22 135 71 23 130 66 18 132 68 20 133 69 21 135 71 23 132 68 20 132 68 20 133 69 21 131 67 19 133 69 21 134 70 22 135 71 23 130 66 18 130 66 18 131 67 19 132 68 20 133 69 21 134 70 22 135 71 23 130 66 18 130 66 18 131 67 19 133 69 21 133 69 21 133 69 21 133 69 21 131 67 19 132 68 20 133 69 21 133 69 21 132 68 20 131 67 19 130 66 18 131 67 19 132 68 20 133 69 21 133 69 21 131 67 19 129 65 17 127 63 15 129 65 17 130 66 18 131 67 19 
|no 57|labels 103 70 31 |features 124 60 12 122 58 10 121 57 9 124 60 12 128 64 16 132 68 20 133 69 21 122 58 10 121 57 9 122 58 10 124 60 12 127 63 15 130 66 18 133 69 21 123 59 11 124 60 12 125 61 13 126 62 14 127 63 15 130 66 18 133 69 21 125 61 13 127 63 15 129 65 17 128 64 16 127 63 15 129 65 17 132 68 20 127 63 15 129 65 17 130 66 18 129 65 17 126 62 14 126 62 14 130 66 18 127 63 15 129 65 17 131 67 19 128 64 16 124 60 12 123 59 11 127 63 15 130 64 16 128 62 14 127 61 13 128 62 14 132 66 18 134 68 20 135 69 21 
|no 58|labels 133 101 96 |features 144 102 103 145 103 104 144 102 103 144 102 103 144 102 103 146 104 105 147 105 106 145 103 104 145 103 104 145 103 104 144 102 103 144 102 103 145 103 104 146 104 105 145 103 104 144 102 103 144 102 103 143 101 102 143 101 102 143 101 102 144 102 103 146 104 105 143 101 102 143 101 102 142 100 101 141 99 100 141 99 100 142 100 101 147 105 106 142 100 101 142 100 101 141 99 100 140 98 99 140 98 99 141 99 100 141 99 100 140 98 99 143 101 102 145 103 104 144 102 103 141 99 100 139 97 98 141 99 100 139 97 98 141 99 100 143 101 102 142 100 101 139 97 98 137 95 96 
|no 59|labels 148 117 116 |features 142 101 99 143 102 100 144 103 101 146 105 103 147 106 104 147 106 104 141 100 98 142 101 99 143 102 100 144 103 101 145 104 102 146 105 103 146 105 103 142 101 99 141 100 98 142 101 99 143 102 100 144 103 101 144 103 101 145 104 102 144 103 101 141 100 98 142 101 99 142 101 99 143 102 100 143 102 100 143 102 100 145 104 102 141 100 98 142 101 99 142 101 99 142 101 99 142 101 99 142 101 99 144 103 101 141 100 98 141 100 98 142 101 99 142 101 99 142 101 99 142 101 99 142 101 99 138 96 97 134 92 93 133 91 92 137 95 96 147 105 106 156 114 115 141 99 100 
|no 60|labels 133 101 96 |features 142 101 99 142 101 99 142 101 99 141 100 98 141 100 98 141 100 98 147 103 102 139 98 96 140 99 97 141 100 98 143 102 100 144 103 101 144 103 101 147 103 102 137 96 94 139 98 96 142 101 99 144 103 101 146 105 103 147 106 104 148 104 103 139 98 96 140 99 97 142 101 99 143 102 100 144 103 101 145 104 102 149 105 104 141 100 98 142 101 99 142 101 99 142 101 99 142 101 99 142 101 99 150 106 105 135 94 92 136 95 93 136 95 93 137 96 94 143 102 100 150 109 107 153 109 108 136 95 93 137 96 94 137 96 94 137 96 94 142 101 99 148 107 105 133 89 88 
|no 61|labels 89 176 203 |features 64 159 185 63 158 184 63 158 184 63 158 184 63 158 184 65 160 186 66 161 187 63 158 184 63 158 184 63 158 184 63 158 184 63 158 184 64 159 185 65 160 186 63 158 184 63 158 184 64 159 185 64 159 185 64 159 185 64 159 185 64 159 185 63 158 184 64 159 185 64 159 185 65 160 186 65 160 186 65 160 186 65 160 186 63 158 184 64 159 185 65 160 186 65 160 186 66 161 187 67 162 188 66 161 187 63 158 184 64 159 185 65 160 186 66 161 187 66 161 187 69 164 190 68 163 189 63 158 184 64 159 185 65 160 186 66 161 187 67 162 188 71 166 192 69 164 190 
|no 62|labels 87 171 199 |features 70 165 191 68 163 189 63 158 184 61 156 182 63 158 184 66 161 187 61 156 182 67 162 188 68 163 189 66 161 187 65 160 186 65 160 186 66 161 187 63 158 184 64 159 185 67 162 188 69 164 190 70 165 191 68 163 189 66 161 187 63 158 184 62 157 183 66 161 187 71 166 192 73 168 194 70 165 191 66 161 187 62 157 183 61 156 182 62 157 183 62 157 183 63 158 184 63 158 184 63 158 184 65 160 186 62 157 183 62 157 183 62 157 183 63 158 184 63 158 184 63 158 184 63 158 184 62 157 183 62 157 183 63 158 184 63 158 184 63 158 184 64 159 185 62 157 183 
|no 63|labels 82 171 198 |features 67 159 188 67 159 188 67 159 188 68 160 189 68 160 189 67 159 188 64 156 185 65 157 186 67 159 188 67 159 188 67 159 188 67 159 188 66 158 187 64 156 185 63 155 184 67 159 188 67 159 188 67 159 188 66 158 187 65 157 186 65 157 186 62 154 183 67 159 188 66 158 187 66 158 187 65 157 186 65 157 186 65 157 186 62 154 183 67 159 188 66 158 187 65 157 186 64 156 185 64 156 185 65 157 186 63 155 184 67 159 188 66 158 187 64 156 185 63 155 184 64 156 185 65 157 186 64 156 185 67 159 188 66 158 187 64 156 185 63 155 184 63 155 184 65 157 186 
|no 64|labels 64 114 82 |features 59 110 73 57 108 71 55 106 69 54 105 68 54 105 68 55 106 69 55 106 69 58 109 72 56 107 70 54 105 68 53 104 67 53 104 67 53 104 67 53 104 67 57 108 71 55 106 69 53 104 67 52 103 66 51 102 65 52 103 66 52 103 66 57 108 71 55 106 69 54 105 68 53 104 67 53 104 67 53 104 67 53 104 67 56 107 70 55 106 69 54 105 68 53 104 67 52 103 66 52 103 66 52 103 66 55 106 69 54 105 68 53 104 67 52 103 66 51 102 65 51 102 65 50 101 64 54 105 68 54 105 68 54 105 68 53 104 67 51 102 65 50 101 64 49 100 63 
|no 65|labels 69 116 84 |features 49 101 61 49 101 61 53 105 65 52 104 64 46 98 58 45 97 57 49 101 61 47 99 59 48 100 60 52 104 64 49 101 61 42 94 54 42 94 54 48 100 60 48 104 63 43 99 58 36 92 51 37 93 52 45 101 60 51 107 66 52 108 67 55 111 70 52 108 67 47 103 62 46 102 61 51 107 66 52 108 67 50 106 65 57 113 72 57 113 72 52 108 67 51 107 66 53 109 68 51 107 66 46 102 61 51 107 66 51 107 66 48 104 63 47 103 62 50 106 65 49 105 64 45 101 60 47 103 62 46 102 61 42 98 57 43 99 58 50 106 65 53 109 68 52 108 67 
|no 66|labels 58 110 73 |features 52 103 59 54 105 61 57 108 64 58 109 65 50 101 57 50 101 57 50 101 57 55 106 62 56 107 63 57 108 64 57 108 64 51 102 58 51 102 58 51 102 58 54 105 61 54 105 61 54 105 61 54 105 61 53 104 60 53 104 60 52 103 59 51 102 58 52 103 59 52 103 59 53 104 60 54 105 61 54 105 61 53 104 60 43 94 50 42 93 49 53 104 60 65 116 72 47 98 54 47 98 54 47 98 54 43 94 50 38 89 45 43 94 50 49 100 56 48 99 55 48 99 55 48 99 55 47 98 54 41 92 48 39 90 46 39 90 46 48 99 55 48 99 55 48 99 55 
|no 67|labels 82 45 31 |features 92 33 18 88 33 18 91 36 21 89 34 19 84 29 14 85 30 15 91 36 21 93 34 19 88 33 18 91 36 21 89 34 19 84 29 14 84 29 14 91 36 21 93 34 19 90 35 20 90 35 20 89 34 19 89 34 19 89 34 19 90 35 20 96 37 22 90 35 20 90 35 20 89 34 19 89 34 19 89 34 19 90 35 20 98 39 24 90 35 20 90 35 20 89 34 19 89 34 19 89 34 19 90 35 20 98 39 24 90 35 20 90 35 20 89 34 19 89 34 19 89 34 19 90 35 20 96 37 22 90 35 20 90 35 20 89 34 19 89 34 19 89 34 19 90 35 20 
|no 68|labels 77 38 24 |features 91 32 17 90 31 16 96 37 22 96 37 22 96 37 22 95 36 21 95 36 21 96 37 22 95 36 21 95 36 21 94 35 20 94 35 20 94 35 20 94 35 20 99 40 25 97 38 23 94 35 20 94 35 20 94 35 20 94 35 20 94 35 20 96 37 22 95 36 21 94 35 20 94 35 20 94 35 20 95 36 21 95 36 21 93 34 19 91 32 17 95 36 21 95 36 21 95 36 21 96 37 22 97 38 23 94 35 20 91 32 17 95 36 21 96 37 22 96 37 22 97 38 23 98 39 24 94 35 20 93 34 19 98 39 24 98 39 24 99 40 25 99 40 25 98 39 24 
|no 69|labels 76 38 26 |features 89 34 21 89 34 21 89 34 21 88 33 20 88 33 20 88 33 20 89 34 21 89 34 21 89 34 21 88 33 20 88 33 20 87 32 19 87 32 19 89 34 21 91 36 23 90 35 22 89 34 21 88 33 20 88 33 20 87 32 19 91 36 23 93 38 25 92 37 24 90 35 22 89 34 21 89 34 21 88 33 20 92 37 24 94 39 26 93 38 25 91 36 23 90 35 22 89 34 21 89 34 21 93 38 25 93 38 23 90 35 20 89 34 19 90 35 20 92 37 22 93 38 23 97 42 27 93 38 23 90 35 20 89 34 19 90 35 20 92 37 22 93 38 23 96 41 26 
|no 70|labels 57 39 40 |features 64 34 39 64 34 39 64 34 39 65 35 40 65 35 40 66 36 41 66 36 41 65 35 40 65 35 40 65 35 40 66 36 41 66 36 41 66 36 41 66 36 41 65 35 40 65 35 40 65 35 40 65 35 40 65 35 40 65 35 40 65 35 40 65 35 40 65 35 40 65 35 40 64 34 39 64 34 39 64 34 39 64 34 39 65 35 40 64 34 39 64 34 39 64 34 39 63 33 38 63 33 38 63 33 38 63 33 38 63 33 38 63 33 38 64 34 39 64 34 39 65 35 40 65 35 40 61 31 36 61 31 36 62 32 37 63 33 38 64 34 39 65 35 40 66 36 41 
|no 71|labels 57 43 45 |features 60 31 34 60 31 34 61 32 35 63 34 37 64 35 38 66 36 41 64 34 39 61 32 35 61 32 35 62 33 36 63 34 37 64 35 38 61 31 36 61 31 36 62 33 36 63 34 37 63 34 37 65 36 39 65 36 39 57 27 32 58 28 33 57 32 36 57 32 36 56 31 35 55 30 34 54 29 33 55 25 30 61 31 36 57 32 36 57 32 36 57 32 36 56 31 35 56 31 35 56 26 31 61 31 36 57 32 36 58 33 37 58 33 37 58 33 37 58 33 37 57 27 32 61 31 36 57 32 36 59 34 38 60 35 39 60 35 39 60 35 39 59 29 34 62 32 37 
|no 72|labels 49 35 36 |features 58 29 32 57 28 31 58 29 32 62 33 36 66 37 40 65 35 40 65 35 40 57 28 31 57 28 31 59 30 33 63 34 37 67 38 41 66 36 41 66 36 41 58 29 32 62 33 36 67 38 41 70 41 44 72 43 46 67 37 42 67 37 42 57 28 31 60 31 34 63 34 37 67 38 41 68 39 42 66 36 41 65 35 40 56 27 30 56 27 30 58 29 32 61 32 35 63 34 37 63 33 38 63 33 38 56 27 30 53 24 27 53 24 27 56 27 30 59 30 33 60 30 35 60 30 35 56 27 30 51 22 25 49 20 23 52 23 26 56 27 30 58 28 33 58 28 33 
|no 73|labels 65 105 50 |features 62 102 30 62 102 30 54 94 22 55 95 23 64 104 32 64 104 33 63 103 32 64 104 32 61 101 29 53 93 21 49 89 17 49 89 17 64 104 33 64 104 33 68 108 36 66 106 34 58 98 26 53 93 21 53 93 21 57 97 26 65 105 34 72 112 40 71 111 39 64 104 32 58 98 26 57 97 25 58 98 27 63 103 32 73 113 41 74 114 42 66 106 34 61 101 29 60 100 28 66 106 35 60 100 29 70 110 38 72 112 40 66 106 34 61 101 29 61 101 29 63 103 32 61 101 30 67 107 35 68 108 36 63 103 31 61 101 29 63 103 31 53 93 22 65 105 34 
|no 74|labels 59 97 39 |features 64 98 27 65 100 26 65 100 26 66 101 27 65 100 26 64 99 25 64 99 25 66 100 29 67 102 28 67 102 28 67 102 28 65 100 26 63 98 24 63 98 24 72 106 35 68 103 29 68 103 29 67 102 28 65 100 26 63 98 24 62 97 23 75 109 38 77 112 38 70 105 31 61 96 22 59 94 20 61 96 22 63 98 24 73 107 36 69 104 30 69 104 30 67 102 28 63 98 24 61 96 22 60 95 21 68 102 31 61 96 22 66 101 27 71 106 32 69 104 30 62 97 23 58 93 19 62 96 25 59 94 20 64 99 25 69 104 30 70 105 31 66 101 27 62 97 23 
|no 75|labels 70 109 47 |features 64 98 27 64 98 27 62 96 25 62 96 25 62 96 25 62 96 25 63 97 26 65 99 28 65 99 28 62 96 25 62 96 25 63 97 26 65 99 28 68 102 31 66 100 29 65 99 28 63 97 26 62 96 25 65 99 28 68 102 31 68 102 31 66 100 29 65 99 28 63 97 26 63 97 26 66 100 29 70 104 33 66 100 29 64 98 27 61 95 24 58 92 21 57 91 20 60 94 23 63 97 26 69 103 32 64 98 27 61 95 24 58 92 21 58 92 21 61 95 24 64 98 27 68 102 31 64 98 27 62 96 25 59 93 22 59 93 22 62 96 25 65 99 28 67 101 30 
|no 76|labels 97 66 27 |features 122 60 12 122 60 12 122 60 12 123 61 13 122 60 12 120 58 10 118 56 8 122 60 12 122 60 12 122 60 12 119 57 9 118 56 8 116 54 6 115 53 5 119 57 9 118 56 8 119 57 9 122 60 12 123 61 13 119 57 9 112 50 2 121 59 11 120 58 10 120 58 10 118 56 8 121 59 11 121 59 11 117 55 7 125 63 15 122 60 12 121 59 11 115 53 5 120 58 10 123 61 13 121 59 11 128 66 18 124 62 14 123 61 13 116 54 6 121 59 11 123 61 13 121 59 11 128 66 18 126 64 16 125 63 15 121 59 11 123 61 13 121 59 11 117 55 7 
|no 77|labels 106 70 30 |features 116 54 6 119 57 9 121 59 11 124 62 14 120 58 10 118 56 8 118 56 8 115 53 5 118 56 8 121 59 11 125 63 15 121 59 11 118 56 8 118 56 8 115 59 10 115 59 10 116 60 11 119 61 12 111 53 4 109 51 2 115 57 8 114 58 9 114 58 9 114 58 9 116 58 9 109 51 2 107 49 0 112 54 5 113 57 8 113 57 8 112 56 7 113 55 6 107 49 0 105 47 0 110 52 3 112 56 7 111 55 6 111 55 6 112 54 5 108 50 1 107 49 0 111 53 4 113 57 8 111 55 6 110 54 5 114 56 7 111 53 4 111 53 4 114 56 7 
|no 78|labels 103 68 28 |features 123 60 16 119 56 12 118 55 11 119 56 12 114 52 4 114 52 4 115 53 5 121 58 14 118 55 11 118 55 11 118 55 11 115 53 5 116 54 6 117 55 7 115 52 8 116 53 9 116 53 9 115 52 8 117 55 7 118 56 8 118 56 8 117 54 10 120 57 13 120 57 13 119 56 12 118 56 8 119 57 9 119 57 9 118 55 11 118 55 11 122 59 15 126 63 19 119 57 9 119 57 9 121 59 11 121 58 14 120 57 13 121 58 14 121 58 14 119 57 9 119 57 9 121 59 11 124 61 17 123 60 16 119 56 12 116 53 9 117 55 7 116 54 6 119 57 9 
|no 79|labels 90 58 15 |features 133 69 15 134 70 16 130 66 12 126 62 8 124 60 6 124 60 6 123 59 5 131 67 13 131 67 13 128 64 10 124 60 6 124 60 6 123 59 5 121 57 3 126 62 8 127 63 9 124 60 6 122 58 4 125 61 7 123 59 5 120 56 2 122 58 4 122 58 4 121 57 3 121 57 3 127 63 9 125 61 7 121 57 3 120 56 2 120 56 2 120 56 2 121 57 3 130 66 12 127 63 9 122 58 4 119 55 1 119 55 1 121 57 3 124 60 6 130 66 12 126 62 8 121 57 3 120 56 2 120 56 2 123 59 5 127 63 9 127 63 9 123 59 5 118 54 0 
|no 80|labels 90 58 15 |features 118 55 4 119 56 5 119 56 5 117 54 4 118 55 5 119 56 6 119 56 6 118 55 4 118 55 4 118 55 4 115 52 2 116 53 3 117 54 4 117 54 4 117 54 3 117 54 3 117 54 3 113 50 0 113 50 0 114 51 1 115 52 2 116 53 2 116 53 2 117 54 3 112 49 0 112 49 0 112 49 0 113 50 0 116 53 2 117 54 3 118 55 4 113 50 0 113 50 0 112 49 0 111 48 0 117 54 3 119 56 5 121 58 7 117 54 4 115 52 2 113 50 0 112 49 0 118 55 4 121 58 7 124 61 10 121 58 8 119 56 6 115 52 2 112 49 0 
|no 81|labels 102 67 27 |features 116 55 5 118 57 7 122 61 11 127 66 16 130 69 19 129 68 18 127 66 16 119 58 8 119 58 8 123 62 12 127 66 16 128 67 17 125 64 14 122 61 11 122 61 11 121 60 10 123 62 12 127 66 16 126 65 15 121 60 10 116 55 5 123 60 10 128 65 15 127 64 14 121 58 8 116 53 3 115 52 2 115 52 2 122 59 9 125 62 12 125 62 12 122 59 9 119 56 6 116 53 3 115 52 2 119 56 6 120 57 7 122 59 9 123 60 10 122 59 9 119 56 6 116 53 3 117 54 4 116 53 3 119 56 6 123 60 10 124 61 11 121 58 8 117 54 4 
|no 82|labels 40 168 187 |features 13 151 173 15 153 175 17 155 177 18 156 178 20 158 180 21 159 181 19 157 179 12 150 172 14 152 174 16 154 176 13 151 173 16 154 176 18 156 178 17 155 177 12 150 172 13 151 173 15 153 175 8 146 168 11 149 171 13 151 173 14 152 174 11 149 171 13 151 173 15 153 175 10 148 170 13 151 173 16 154 176 15 153 175 11 149 171 12 150 172 14 152 174 18 156 178 20 158 180 22 160 182 20 158 180 11 149 171 15 153 175 19 157 179 14 155 176 17 158 179 20 161 182 18 159 180 12 150 172 16 154 176 19 157 179 15 156 177 16 157 178 17 158 179 16 157 178 
|no 83|labels 44 169 189 |features 14 155 176 14 155 176 13 154 175 13 154 175 13 154 175 12 153 174 12 153 174 14 155 176 13 154 175 13 154 175 13 154 175 12 153 174 12 153 174 12 153 174 13 154 175 13 154 175 13 154 175 12 153 174 12 153 174 11 152 173 11 152 173 13 154 175 13 154 175 12 153 174 12 153 174 12 153 174 11 152 173 11 152 173 11 152 173 12 153 174 11 152 173 10 151 172 8 149 170 5 146 167 4 145 166 14 155 176 14 155 176 14 155 176 13 154 175 11 152 173 9 150 171 7 148 169 17 158 179 17 158 179 17 158 179 16 157 178 14 155 176 12 153 174 11 152 173 
|no 84|labels 42 167 187 |features 15 150 170 16 151 171 17 152 172 19 154 174 19 154 174 18 153 173 18 153 173 15 150 170 16 151 171 16 151 171 18 153 173 18 153 173 18 153 173 18 153 173 15 150 170 15 150 170 16 151 171 18 153 173 18 153 173 18 153 173 17 152 172 15 154 173 15 154 173 15 154 173 17 156 175 18 157 176 18 157 176 18 157 176 17 156 175 18 157 176 18 157 176 17 156 175 17 156 175 18 157 176 18 157 176 18 157 176 19 158 177 20 159 178 17 156 175 17 156 175 17 156 175 17 156 175 17 156 175 17 156 175 18 157 176 17 156 175 17 156 175 17 156 175 16 155 174 
|no 85|labels 53 35 34 |features 59 25 25 59 25 25 59 25 25 58 24 24 56 22 22 55 21 21 59 25 25 57 23 23 57 23 23 56 22 22 54 20 20 52 18 18 51 17 17 59 25 25 58 24 24 56 22 22 54 20 20 52 18 18 51 17 17 50 16 16 52 18 18 61 27 27 59 25 25 57 23 23 56 22 22 54 20 20 54 20 20 53 19 19 64 30 30 62 28 28 61 27 27 60 26 26 59 25 25 58 24 24 56 22 22 64 30 30 63 29 29 62 28 28 61 27 27 61 27 27 61 27 27 58 24 24 61 27 27 61 27 27 60 26 26 60 26 26 60 26 26 60 26 26 60 26 26 
|no 86|labels 64 40 40 |features 59 25 25 57 23 23 55 21 21 54 20 20 54 20 20 54 20 20 53 18 22 60 26 26 57 23 23 56 22 22 55 21 21 54 20 20 54 20 20 51 16 20 54 20 20 50 16 16 48 14 14 51 17 17 55 21 21 58 24 24 59 24 28 55 21 21 51 17 17 50 16 16 52 18 18 56 22 22 59 25 25 58 23 27 55 21 21 52 18 18 51 17 17 54 20 20 58 24 24 60 26 26 56 21 25 54 20 20 51 17 17 51 17 17 54 20 20 57 23 23 60 26 26 55 20 24 52 18 18 50 16 16 51 17 17 54 20 20 57 23 23 59 25 25 55 20 24 
|no 87|labels 56 38 39 |features 64 28 28 68 32 32 67 31 31 62 26 26 59 23 23 59 23 23 61 25 25 64 28 28 67 31 31 66 30 30 62 26 26 59 23 23 59 23 23 61 25 25 63 27 27 65 29 29 64 28 28 62 26 26 60 24 24 60 24 24 61 25 25 62 26 26 62 26 26 62 26 26 61 25 25 61 25 25 61 25 25 61 25 25 60 24 24 60 24 24 60 24 24 61 25 25 61 25 25 61 25 25 61 25 25 59 23 23 57 21 21 58 22 22 60 24 24 62 26 26 62 26 26 61 25 25 58 22 22 55 19 19 56 20 20 60 24 24 63 27 27 63 27 27 61 25 25 
|no 88|labels 44 57 49 |features 34 42 35 34 42 35 34 42 35 35 43 36 35 43 36 29 37 30 32 40 33 31 39 32 31 39 32 32 40 33 34 42 35 36 44 37 32 40 33 34 42 35 31 39 32 30 38 31 31 39 32 33 41 34 35 43 36 34 42 35 35 43 36 32 40 33 30 38 31 31 39 32 32 40 33 32 40 33 34 42 35 35 43 36 34 42 35 32 40 33 31 39 32 30 38 31 29 37 30 34 42 35 35 43 36 36 44 37 33 41 34 31 39 32 29 37 30 27 35 28 34 42 35 34 42 35 35 42 39 34 41 38 34 41 38 34 41 38 34 41 38 36 43 40 36 43 40 
|no 89|labels 37 49 43 |features 45 59 48 36 50 39 33 47 36 28 42 31 23 37 26 22 36 25 24 38 27 40 54 43 37 51 40 34 48 37 29 43 32 26 40 29 24 38 27 26 40 29 36 50 39 39 53 42 36 50 39 32 46 35 29 43 32 28 42 31 29 43 32 35 49 38 39 53 42 37 51 40 34 48 37 31 45 34 31 45 34 32 46 35 37 51 40 37 51 40 36 50 39 34 48 37 32 46 35 32 46 35 33 47 36 37 51 40 34 48 37 33 47 36 32 46 35 31 45 34 31 45 34 32 46 35 34 48 37 30 44 33 29 43 32 29 43 32 29 43 32 29 43 32 29 43 32 
|no 90|labels 48 58 52 |features 37 46 36 37 46 36 34 43 33 31 40 30 28 37 27 34 44 32 32 42 30 38 47 37 37 46 36 34 43 33 31 40 30 28 37 27 33 43 31 33 43 31 39 48 38 37 46 36 34 43 33 31 40 30 29 38 28 33 43 31 33 43 31 39 48 38 37 46 36 34 43 33 31 40 30 29 38 28 33 43 31 33 43 31 38 47 37 36 45 35 34 43 33 31 40 30 30 39 29 32 42 30 34 44 32 36 45 35 35 44 34 33 42 32 32 41 31 31 40 30 32 42 30 35 45 33 34 43 33 33 42 32 33 42 32 32 41 31 32 41 31 32 42 30 35 45 33 
|no 91|labels 53 51 175 |features 43 34 175 47 38 179 51 42 183 47 38 179 47 38 179 47 38 179 47 38 179 46 37 178 49 40 181 51 42 183 47 38 179 47 38 179 47 38 179 47 38 179 50 41 182 50 41 182 51 42 183 47 38 179 47 38 179 47 38 179 47 38 179 51 42 183 50 41 182 48 39 180 47 38 179 47 38 179 47 38 179 47 38 179 50 41 182 47 38 179 43 34 175 47 38 179 47 38 179 47 38 179 47 38 179 48 39 180 44 35 176 40 31 172 47 38 179 47 38 179 47 38 179 47 38 179 43 34 175 45 36 177 48 39 180 48 39 180 47 38 179 47 38 179 47 38 179 
|no 92|labels 61 60 188 |features 51 40 186 52 41 187 50 39 185 49 38 184 49 38 184 50 39 185 52 41 187 51 40 186 51 40 186 50 39 185 49 38 184 50 39 185 52 41 187 54 43 189 50 39 185 50 39 185 49 38 184 49 38 184 51 40 186 53 42 188 54 43 189 50 39 185 50 39 185 49 38 184 50 39 185 51 40 186 53 42 188 53 42 188 50 39 185 50 39 185 49 38 184 50 39 185 51 40 186 52 41 187 51 40 186 50 39 185 50 39 185 49 38 184 49 38 184 51 40 186 51 40 186 49 38 184 43 32 178 46 35 181 47 36 182 48 37 183 50 39 185 51 40 186 49 38 184 
|no 93|labels 60 56 185 |features 48 35 181 47 34 180 48 37 183 48 37 183 49 38 184 49 38 184 48 37 183 47 34 180 46 33 179 50 39 185 50 39 185 51 40 186 51 40 186 50 39 185 49 36 182 49 36 182 46 35 181 48 37 183 50 39 185 52 41 187 52 41 187 51 38 184 51 38 184 47 36 182 48 37 183 51 40 186 53 42 188 53 42 188 53 40 186 53 40 186 48 37 183 50 39 185 52 41 187 53 42 188 53 42 188 54 41 187 54 41 187 49 38 184 50 39 185 52 41 187 53 42 188 54 43 189 53 40 186 53 40 186 49 38 184 50 39 185 51 40 186 52 41 187 53 42 188 
|no 94|labels 53 55 179 |features 48 35 181 45 32 178 47 34 180 50 37 183 51 38 184 52 39 185 51 38 184 49 36 182 47 34 180 49 36 182 51 38 184 53 40 186 52 39 185 50 37 183 49 36 182 49 36 182 50 37 183 52 39 185 53 40 186 52 39 185 49 36 182 53 40 186 47 34 180 49 36 182 52 39 185 54 41 187 54 41 187 52 39 185 52 39 185 47 34 180 49 36 182 52 39 185 54 41 187 54 41 187 52 39 185 52 39 185 48 35 181 50 37 183 52 39 185 53 40 186 53 40 186 52 39 185 51 38 184 49 36 182 50 37 183 51 38 184 52 39 185 52 39 185 51 38 184 
|no 95|labels 60 61 189 |features 47 36 182 46 35 181 46 35 181 45 34 180 45 34 180 47 36 182 48 37 183 46 35 181 46 35 181 45 34 180 45 34 180 45 34 180 48 37 183 48 37 183 46 35 181 45 34 180 45 34 180 45 34 180 44 33 179 49 38 184 49 38 184 51 40 186 50 39 185 49 38 184 48 37 183 48 37 183 51 40 186 51 40 186 50 39 185 50 39 185 49 38 184 49 38 184 48 37 183 49 38 184 49 38 184 50 39 185 50 39 185 49 38 184 49 38 184 49 38 184 47 36 182 47 36 182 50 39 185 50 39 185 50 39 185 50 39 185 50 39 185 46 35 181 46 35 181 
|no 96|labels 60 61 189 |features 48 37 183 47 36 182 47 36 182 48 37 183 48 37 183 50 39 185 50 39 185 48 37 183 47 36 182 48 37 183 48 37 183 49 38 184 49 38 184 50 39 185 47 36 182 47 36 182 48 37 183 49 38 184 50 39 185 50 39 185 50 39 185 47 36 182 47 36 182 48 37 183 50 39 185 50 39 185 51 40 186 50 39 185 47 36 182 47 36 182 49 38 184 50 39 185 51 40 186 52 41 187 51 40 186 51 40 186 52 41 187 52 41 187 51 40 186 51 40 186 51 40 186 51 40 186 51 40 186 52 41 187 52 41 187 51 40 186 51 40 186 51 40 186 50 39 185 
|no 97|labels 52 182 212 |features 18 159 192 19 160 193 20 161 194 21 162 195 20 161 194 20 161 194 19 160 193 18 159 192 20 161 194 20 161 194 21 162 195 20 161 194 19 160 193 18 159 192 19 160 193 20 161 194 21 162 195 20 161 194 20 161 194 18 159 192 18 159 192 20 161 194 20 161 194 21 162 195 20 161 194 19 160 193 18 159 192 17 158 191 20 161 194 21 162 195 21 162 195 20 161 194 19 160 193 17 158 191 16 157 190 21 162 195 21 162 195 21 162 195 20 161 194 19 160 193 17 158 191 16 157 190 15 156 189 16 157 190 17 158 191 18 159 192 18 159 192 17 158 191 17 158 191 
|no 98|labels 56 186 215 |features 20 161 194 19 160 193 18 159 192 18 159 192 17 158 191 20 161 194 20 161 194 19 160 193 19 160 193 19 160 193 19 160 193 19 160 193 19 160 193 19 160 193 19 160 193 20 161 194 21 162 195 22 163 196 23 164 197 19 160 193 19 160 193 18 159 192 20 161 194 22 163 196 23 164 197 24 165 198 20 161 194 20 161 194 19 160 193 20 161 194 20 161 194 21 162 195 21 162 195 21 162 195 21 162 195 20 161 194 19 160 193 18 159 192 18 159 192 18 159 192 22 163 196 22 163 196 18 159 192 17 158 191 17 158 191 18 159 192 18 159 192 22 163 196 23 164 197 
|no 99|labels 56 186 215 |features 21 164 196 19 162 194 19 162 194 20 163 195 22 165 197 24 167 199 26 169 201 19 162 194 17 160 192 20 163 195 22 165 197 25 168 200 28 171 203 29 172 204 19 162 194 17 160 192 19 162 194 20 163 195 22 165 197 23 166 198 24 167 199 19 162 194 18 161 193 19 162 194 18 161 193 18 161 193 18 161 193 19 162 194 20 163 195 19 162 194 20 163 195 19 162 194 17 160 192 16 159 191 17 160 192 20 163 195 20 163 195 22 165 197 21 164 196 19 162 194 18 161 193 19 162 194 21 164 196 22 165 197 22 165 197 22 165 197 22 165 197 22 165 197 23 166 198 
|no 100|labels 48 180 210 |features 17 160 192 17 160 192 17 160 192 17 160 192 17 160 192 17 160 192 17 160 192 21 164 196 19 162 194 17 160 192 16 159 191 15 158 190 16 159 191 16 159 191 22 165 197 20 163 195 17 160 192 15 158 190 15 158 190 15 158 190 16 159 191 22 165 197 19 162 194 17 160 192 15 158 190 15 158 190 16 159 191 16 159 191 20 163 195 17 160 192 15 158 190 14 157 189 15 158 190 16 159 191 17 160 192 19 162 194 17 160 192 16 159 191 15 158 190 15 158 190 16 159 191 17 160 192 19 162 194 18 161 193 16 159 191 16 159 191 16 159 191 17 160 192 18 161 193 
|no 101|labels 52 183 216 |features 21 164 196 21 164 196 21 164 196 20 163 195 19 162 194 18 161 193 18 161 193 20 163 195 20 163 195 19 162 194 18 161 193 17 160 192 18 161 193 18 161 193 19 162 194 19 162 194 18 161 193 17 160 192 16 159 191 18 161 193 18 161 193 20 163 195 17 160 192 19 162 194 19 162 194 15 158 190 15 158 190 16 159 191 19 162 194 16 159 191 18 161 193 19 162 194 17 160 192 17 160 192 17 160 192 17 160 192 15 158 190 17 160 192 20 163 195 21 164 196 20 163 195 20 163 195 17 160 192 14 157 189 16 159 191 20 163 195 24 167 199 22 165 197 22 165 197 
|no 102|labels 49 182 215 |features 20 163 195 20 163 195 20 163 195 20 163 195 20 163 195 20 163 195 20 163 195 20 163 195 20 163 195 21 164 196 21 164 196 21 164 196 22 165 197 22 165 197 20 163 195 20 163 195 21 164 196 21 164 196 21 164 196 22 165 197 22 165 197 20 163 195 20 163 195 21 164 196 21 164 196 21 164 196 22 165 197 22 165 197 20 163 195 20 163 195 21 164 196 21 164 196 21 164 196 22 165 197 22 165 197 20 163 195 20 163 195 21 164 196 21 164 196 21 164 196 22 165 197 22 165 197 20 163 195 20 163 195 21 164 196 21 164 196 21 164 196 22 165 197 22 165 197 
|no 103|labels 97 70 203 |features 79 41 193 80 42 194 80 42 194 81 43 195 81 43 195 81 43 195 82 44 196 79 41 193 79 41 193 80 42 194 81 43 195 81 43 195 82 44 196 82 44 196 79 41 193 79 41 193 80 42 194 81 43 195 82 44 196 82 44 196 83 45 197 79 41 195 82 44 198 84 46 200 84 46 200 82 44 198 79 41 195 77 39 193 79 41 195 82 44 198 84 46 200 84 46 200 82 44 198 79 41 195 77 39 193 79 41 195 81 43 197 83 45 199 83 45 199 81 43 197 79 41 195 78 40 194 80 42 196 81 43 197 82 44 198 82 44 198 81 43 197 80 42 196 79 41 195 
|no 104|labels 84 57 191 |features 80 42 196 79 41 195 78 40 194 78 40 194 77 39 193 78 40 194 79 41 195 81 43 197 80 42 196 79 41 195 79 41 195 79 41 195 80 42 196 81 43 197 81 43 197 81 43 197 80 42 196 80 42 196 80 42 196 81 43 197 83 45 199 81 43 197 82 44 198 81 43 197 81 43 197 81 43 197 83 45 199 85 47 201 79 41 195 79 41 195 80 42 196 81 43 197 82 44 198 82 44 198 81 43 197 78 40 194 79 41 195 80 42 196 81 43 197 82 44 198 82 44 198 81 43 197 78 40 194 79 41 195 80 42 196 81 43 197 82 44 198 82 44 198 81 43 197 
|no 105|labels 88 58 193 |features 87 49 201 88 50 202 89 51 203 83 45 197 84 46 198 82 44 196 76 38 190 87 49 201 88 50 202 89 51 203 81 43 195 84 46 198 82 44 196 77 39 191 87 49 201 89 51 203 89 51 203 82 44 196 86 48 200 87 49 201 83 45 197 87 49 201 89 51 203 90 52 204 81 43 195 86 48 200 88 50 202 86 48 200 87 49 201 89 51 203 90 52 204 78 40 192 83 45 197 84 46 198 82 44 196 87 49 201 89 51 203 90 52 204 81 43 195 84 46 198 82 44 196 78 40 192 87 49 201 89 51 203 90 52 204 87 49 201 88 50 202 84 46 198 78 40 192 
|no 106|labels 78 53 187 |features 73 37 191 76 40 194 76 40 194 77 41 195 79 43 197 82 46 200 85 49 203 71 35 189 75 39 193 79 43 197 79 43 197 79 43 197 80 44 198 80 44 198 74 38 192 78 42 196 83 47 201 81 45 199 79 43 197 76 40 194 74 38 192 80 44 198 84 48 202 85 49 203 83 47 201 78 42 196 73 37 191 70 34 188 83 47 201 83 47 201 80 44 198 77 41 195 73 37 191 70 34 188 69 33 187 81 45 199 81 45 199 79 43 197 79 43 197 79 43 197 78 42 196 77 41 195 78 42 196 78 42 196 76 40 194 78 42 196 80 44 198 81 45 199 80 44 198 
|no 107|labels 78 48 183 |features 73 35 189 74 36 190 76 38 192 78 40 194 79 41 195 76 38 192 76 38 192 74 36 190 74 36 190 75 37 191 77 39 193 78 40 194 79 41 195 78 40 194 75 37 191 75 37 191 75 37 191 76 38 192 76 38 192 77 39 193 77 39 193 77 39 193 77 39 193 76 38 192 76 38 192 75 37 191 73 35 189 74 36 190 80 42 196 79 41 195 78 40 194 77 39 193 76 38 192 71 33 187 72 34 188 83 45 199 82 44 198 80 42 196 78 40 194 77 39 193 74 36 190 74 36 190 84 46 200 84 46 200 81 43 197 79 41 195 77 39 193 77 39 193 77 39 193 
|no 108|labels 88 61 195 |features 83 45 199 89 51 205 91 53 207 91 53 207 87 49 203 86 48 202 84 46 200 84 46 200 86 48 202 86 48 202 84 46 200 84 46 200 83 45 199 82 44 198 81 43 197 82 44 198 80 42 196 77 39 193 81 43 197 80 42 196 79 41 195 78 40 194 79 41 195 77 39 193 74 36 190 77 39 193 77 39 193 76 38 192 76 38 192 78 40 194 76 38 192 74 36 190 75 37 191 75 37 191 74 36 190 77 39 193 77 39 193 76 38 192 76 38 192 81 43 197 79 41 195 77 39 193 81 43 197 81 43 197 80 42 196 80 42 196 80 42 196 80 42 196 80 42 196 
